en_cours/csdl/.fr-vb1M6g/BDALTIV2-75M_ASC_LAMB93_FXX_2013-10-01/1_DONNEES_LIVRAISON_2013-10-00130/BDALTIV2_MNT_75M_LAMB93_IGN69_FRANCEMETRO20130920/BDALTIr_2-0_MNT_EXT_0300_6600_LAMB93_IGN69_20110929.asc
ncols        1000
nrows        1000
xllcorner    299962.500000000000
yllcorner    6525037.500000000000
cellsize     75.000000000000
NODATA_value -99999
[rows 0 to 28 of 33, columns 768 to 831 of 1000]
4.40 4.41 4.31 4.20 4.29 4.59 4.94 6.10 7.94 10.07 12.08 14.34 15.15 15.01 14.42 13.84 13.31 12.86 13.11 13.89 14.40 14.33 13.48 13.15 14.60 16.24 17.26 17.81 18.08 18.06 17.82 17.70 18.15 19.01 19.69 20.06 20.40 20.65 20.73 20.37 19.51 17.81 15.20 3.31 2.70 2.70 2.70 3.61 4.53 4.91 8.88 12.74 16.66 18.04 18.90 18.94 18.46 17.94 17.49 16.89 16.28 15.79 15.40 13.44
4.30 4.31 4.30 4.30 4.30 4.42 4.49 4.74 6.00 8.22 10.64 12.83 13.47 13.24 12.87 12.47 12.10 11.83 12.35 13.10 13.38 13.00 12.21 12.47 14.15 15.72 16.00 15.89 16.20 16.51 16.11 16.10 16.95 17.70 18.24 18.68 19.26 20.01 20.30 20.07 19.19 18.30 16.21 3.52 2.70 2.70 2.70 3.39 4.62 8.40 12.26 14.50 15.83 16.68 17.52 17.66 17.51 17.27 16.87 16.01 14.96 14.34 13.06 12.45
4.20 4.30 4.40 4.46 4.44 4.40 4.30 4.62 5.33 7.34 9.83 11.51 11.74 11.19 11.58 11.56 11.05 10.82 11.73 12.42 12.56 11.95 10.76 12.09 13.79 14.86 14.70 14.39 14.61 14.91 14.78 15.16 16.49 16.72 16.51 16.78 17.82 18.67 18.79 18.56 17.72 15.76 14.22 7.38 2.70 2.70 2.67 3.70 4.32 7.82 11.03 12.70 14.21 15.94 16.74 16.78 16.69 16.53 16.00 14.30 13.61 13.35 12.57 12.15
4.17 4.30 4.36 4.44 4.46 4.38 4.31 4.59 5.33 6.80 8.60 9.86 10.48 9.62 10.90 10.94 10.35 10.14 11.06 11.65 11.86 11.10 9.82 12.10 13.49 14.03 13.84 13.43 13.28 13.41 13.40 15.45 16.33 16.07 14.89 14.78 16.58 17.00 16.37 16.48 15.59 11.37 9.12 7.20 2.70 2.69 3.05 3.75 4.07 6.30 9.32 11.66 13.67 15.70 16.20 15.96 15.71 15.59 14.61 12.43 12.95 12.88 12.05 11.90
4.10 4.20 4.30 4.40 4.40 4.40 4.40 4.56 5.09 6.23 7.25 8.34 9.04 9.41 10.15 10.41 9.80 8.97 10.16 10.73 11.13 9.77 10.05 12.09 13.21 13.51 13.27 12.73 12.24 12.03 12.82 15.24 15.44 15.10 13.29 13.50 15.06 14.97 13.53 13.49 12.44 7.29 4.29 4.29 4.19 3.57 3.31 3.17 3.62 5.72 9.97 12.20 13.87 15.34 15.51 15.22 14.76 14.39 13.05 11.46 12.01 12.26 11.43 11.30
4.00 4.11 4.22 4.36 4.40 4.50 4.50 4.58 4.85 5.45 5.77 6.71 7.73 8.49 8.98 8.98 8.22 7.47 8.80 9.61 10.08 7.70 9.05 11.75 12.83 13.02 12.65 12.15 11.55 10.86 11.66 13.24 13.39 12.58 10.93 11.67 13.10 12.06 10.20 10.06 7.55 4.21 3.10 3.61 4.23 3.79 2.97 2.69 3.28 4.90 9.31 12.45 13.81 14.62 14.72 14.40 13.81 13.19 12.00 10.53 10.87 11.55 10.68 10.10
3.90 4.00 4.11 4.27 4.40 4.50 4.60 4.60 4.63 4.69 4.73 5.45 6.36 6.59 6.67 6.46 5.44 6.16 7.56 8.42 7.98 5.80 8.38 11.02 11.95 12.07 11.93 11.44 10.91 9.80 10.44 10.92 10.64 10.10 9.43 10.77 11.89 10.02 6.57 4.95 4.04 3.29 3.25 3.68 3.81 3.09 2.70 2.79 4.47 5.98 9.36 12.02 13.32 13.93 14.00 13.46 12.67 12.06 11.35 9.86 10.03 10.33 9.42 10.05
3.80 3.90 4.03 4.18 4.30 4.44 4.60 4.60 4.54 4.40 4.42 4.65 5.00 5.03 5.00 4.93 4.60 5.26 6.52 7.16 6.43 4.85 8.24 9.78 10.29 10.42 10.91 10.42 10.05 9.56 9.40 9.22 8.86 8.70 9.32 10.69 11.00 8.56 5.11 3.45 3.10 3.47 3.86 3.98 3.79 3.09 2.67 4.08 9.61 10.73 10.74 11.25 12.45 13.15 13.31 12.89 11.65 10.70 10.49 8.78 8.32 8.46 9.84 10.85
3.70 3.80 3.96 4.10 4.27 4.39 4.50 4.60 4.50 4.40 4.40 4.50 4.73 4.81 4.73 4.58 4.50 4.73 5.58 6.14 5.49 5.27 7.26 8.04 8.20 7.66 8.75 9.55 9.50 9.27 8.98 8.59 7.57 7.70 9.23 10.58 10.08 7.32 4.45 3.28 3.28 3.91 4.40 4.30 4.27 4.38 4.82 9.51 12.40 13.32 11.66 10.92 11.55 12.27 12.61 12.45 11.46 9.50 8.75 7.33 9.30 10.72 11.13 11.39
3.60 3.74 3.90 4.05 4.18 4.30 4.40 4.50 4.50 4.50 4.50 4.50 4.60 4.70 4.60 4.50 4.50 4.64 4.98 5.43 4.96 4.85 5.56 6.21 6.09 6.14 7.62 8.86 9.17 8.89 8.60 8.34 7.14 6.44 8.49 9.51 8.37 6.19 4.30 3.65 3.81 4.34 4.60 4.70 5.62 7.05 10.71 13.13 13.53 13.37 12.15 10.88 10.89 11.39 11.68 11.66 11.29 9.79 7.48 7.01 11.25 12.26 11.95 11.80
3.51 3.71 3.89 4.00 4.10 4.18 4.24 4.31 4.40 4.50 4.50 4.60 4.60 4.60 4.60 4.60 4.58 4.60 4.80 4.92 4.76 4.54 4.53 4.96 5.22 6.54 7.69 8.59 9.00 8.74 8.08 7.47 6.43 4.89 6.04 7.38 6.25 5.13 4.24 4.10 4.28 4.47 4.84 5.93 7.91 10.80 13.03 13.63 13.44 12.58 11.75 10.17 10.11 10.14 10.30 10.28 10.19 9.26 6.29 6.75 10.53 11.83 11.69 11.51
3.50 3.67 3.80 3.90 4.00 4.08 4.10 4.11 4.25 4.39 4.50 4.50 4.50 4.50 4.53 4.60 4.60 4.60 4.70 4.70 4.60 4.37 4.20 4.71 5.90 7.23 8.00 8.55 8.87 8.72 7.34 6.11 5.04 4.36 4.36 4.46 4.40 4.21 4.19 4.31 4.38 4.08 5.11 7.01 9.85 12.26 13.15 13.29 12.50 11.64 10.93 9.82 9.05 8.29 8.13 8.40 8.63 7.97 5.15 5.92 8.54 10.36 10.75 10.74
3.45 3.61 3.75 3.83 3.90 3.90 3.97 4.00 4.10 4.24 4.36 4.40 4.40 4.40 4.43 4.50 4.54 4.58 4.60 4.60 4.53 4.35 4.20 4.79 5.88 7.79 8.12 8.34 8.68 8.80 8.39 7.12 5.89 5.51 4.92 4.21 3.87 3.64 3.94 4.25 4.14 3.51 4.46 7.01 10.54 12.32 12.61 12.15 11.44 10.79 10.51 9.97 8.47 6.33 5.24 5.82 6.66 6.56 4.89 4.66 6.69 8.50 9.54 9.85
3.40 3.60 3.70 3.75 3.76 3.78 3.80 3.90 3.98 4.05 4.18 4.28 4.30 4.30 4.30 4.35 4.40 4.40 4.46 4.50 4.43 4.33 4.34 4.69 5.18 6.57 7.53 7.91 8.41 8.78 8.90 8.40 7.86 7.65 7.10 6.28 4.49 3.50 3.71 3.95 3.73 2.96 3.93 6.53 10.07 11.41 11.55 11.23 10.78 10.19 9.95 9.64 8.47 6.41 3.81 3.68 4.72 5.53 4.92 4.81 5.60 7.14 8.40 9.05
3.40 3.60 3.63 3.65 3.60 3.60 3.70 3.71 3.83 3.95 4.04 4.10 4.20 4.20 4.15 4.20 4.27 4.30 4.30 4.32 4.33 4.35 4.42 4.65 5.01 5.87 6.73 7.39 8.08 8.80 9.43 9.70 9.82 9.78 9.46 8.26 6.12 4.20 3.70 3.55 3.30 2.68 3.50 5.14 8.60 10.15 10.53 10.58 10.25 9.61 9.05 8.92 8.32 6.87 4.82 3.01 3.63 4.56 4.69 5.00 5.48 6.43 7.42 8.17
3.40 3.51 3.60 3.54 3.48 3.48 3.50 3.58 3.70 3.82 3.90 3.99 4.00 4.02 4.03 4.05 4.10 4.18 4.20 4.20 4.20 4.26 4.37 4.57 4.83 5.25 6.08 6.87 7.60 8.87 10.06 10.76 11.05 11.18 10.83 9.87 8.42 6.43 4.67 3.44 2.96 2.73 3.44 4.47 6.52 8.51 9.52 9.86 9.76 9.06 7.79 7.59 7.58 6.24 4.81 3.42 3.38 4.10 4.51 5.15 5.51 5.98 6.59 7.19
3.40 3.50 3.50 3.43 3.37 3.30 3.35 3.41 3.55 3.70 3.80 3.88 3.90 3.90 3.90 3.95 3.98 4.00 4.10 4.02 4.03 4.10 4.19 4.29 4.50 4.80 5.70 6.70 7.73 8.73 9.94 10.95 11.35 11.50 11.17 10.84 10.47 8.86 6.42 3.81 2.97 2.91 3.37 4.07 4.88 6.20 7.77 8.78 9.21 9.07 8.05 6.67 6.15 4.85 4.21 3.74 3.56 3.81 4.30 5.19 5.43 5.55 5.72 6.17
3.40 3.40 3.40 3.32 3.26 3.20 3.20 3.32 3.50 3.60 3.70 3.70 3.70 3.72 3.80 3.80 3.87 3.88 3.90 3.90 3.90 3.90 3.97 4.09 4.30 4.80 5.48 6.34 7.32 7.90 8.41 9.99 11.11 11.15 10.89 10.66 10.23 9.30 7.21 4.72 3.40 3.13 3.26 3.64 3.91 4.65 5.62 7.58 8.77 9.20 8.97 7.82 6.72 4.94 4.09 3.89 3.86 3.94 4.37 4.99 5.01 5.00 4.93 5.17
3.30 3.31 3.27 3.20 3.16 3.10 3.10 3.24 3.38 3.50 3.60 3.60 3.70 3.70 3.70 3.70 3.70 3.70 3.70 3.72 3.74 3.75 3.80 3.99 4.19 4.45 4.83 5.41 6.02 6.63 7.28 9.40 10.56 10.35 10.14 9.85 9.33 8.62 7.22 5.44 3.97 3.27 2.93 3.06 3.49 3.80 4.33 6.01 8.24 9.24 9.22 8.56 7.69 6.44 5.19 4.37 4.10 4.10 4.36 4.58 4.54 4.45 4.38 4.41
3.20 3.21 3.16 3.05 2.97 3.00 3.01 3.11 3.23 3.35 3.47 3.50 3.60 3.60 3.60 3.60 3.60 3.60 3.60 3.60 3.60 3.65 3.78 3.95 4.11 4.22 4.27 4.42 4.82 5.84 7.24 8.58 9.49 9.54 9.33 8.91 8.29 7.58 6.76 5.68 4.44 3.24 2.24 2.02 3.12 3.51 3.99 5.32 7.78 9.13 8.88 8.16 7.68 6.71 5.69 4.90 4.27 3.97 3.97 4.08 4.01 3.94 3.88 3.81
3.10 3.10 3.05 2.89 2.59 2.78 2.90 2.92 3.03 3.12 3.27 3.38 3.40 3.50 3.51 3.60 3.57 3.50 3.60 3.60 3.60 3.60 3.74 3.90 4.10 4.05 3.94 3.92 4.15 5.07 6.51 7.36 8.09 8.37 8.31 7.98 7.35 6.52 5.93 5.32 4.34 3.10 1.96 1.41 2.59 3.40 4.01 5.02 7.72 8.73 8.33 7.54 6.83 5.57 5.02 4.73 4.20 3.81 3.67 3.62 3.51 3.45 3.39 3.31
3.10 3.05 2.90 2.65 2.39 2.61 2.80 2.63 2.66 2.85 3.07 3.18 3.20 3.32 3.42 3.45 3.47 3.49 3.50 3.56 3.60 3.70 3.80 3.90 4.00 3.92 3.82 3.75 3.99 4.68 5.92 6.54 6.75 6.97 7.19 7.11 6.61 5.73 4.98 4.59 3.88 2.91 2.00 1.48 1.96 3.20 3.88 4.66 6.47 8.05 8.22 7.47 6.44 5.41 4.71 4.39 4.04 3.69 3.50 3.39 3.21 3.06 2.94 2.82
3.10 3.02 2.78 2.30 2.20 2.39 2.50 2.22 2.33 2.63 2.87 2.98 3.00 3.02 3.12 3.15 3.27 3.29 3.40 3.50 3.54 3.62 3.70 3.79 3.80 3.80 3.70 3.77 3.98 4.39 5.28 5.84 5.75 5.68 6.19 6.38 6.17 5.49 4.65 3.94 3.30 2.67 2.05 1.68 1.72 2.70 3.66 4.37 5.51 7.65 7.80 7.27 6.43 5.76 4.98 4.53 4.17 3.72 3.51 3.30 3.06 2.84 2.62 2.40
3.10 3.00 2.72 2.69 2.28 2.51 2.41 2.01 2.10 2.40 2.57 2.68 2.70 2.67 2.67 2.70 2.87 2.97 3.10 3.29 3.35 3.45 3.47 3.49 3.50 3.53 3.64 3.75 3.88 4.09 4.51 5.20 5.02 5.06 5.61 5.67 5.57 5.19 4.23 3.40 2.79 2.37 2.03 1.77 1.68 2.49 3.32 3.91 4.63 5.70 5.93 6.38 6.45 6.02 5.43 4.91 4.78 4.40 3.89 3.49 3.08 2.70 2.38 2.20
3.10 2.99 2.73 2.80 2.70 2.70 2.60 2.17 2.09 2.21 2.37 2.40 2.40 2.32 2.17 2.21 2.47 2.51 2.71 2.92 3.04 3.11 3.13 3.08 3.11 3.26 3.41 3.55 3.61 3.77 4.04 4.46 4.58 4.65 4.90 4.84 4.56 4.12 3.51 2.90 2.56 2.30 2.01 1.86 1.80 2.11 3.06 3.57 3.82 4.12 4.79 5.79 6.29 6.19 5.84 5.47 5.43 5.42 4.97 3.99 3.04 2.39 2.14 2.10
3.00 2.81 2.70 2.70 2.65 2.48 2.53 2.67 2.57 2.52 2.31 2.30 2.20 2.20 1.97 1.89 2.20 2.19 2.21 2.43 2.56 2.61 2.64 2.58 2.71 2.83 2.98 3.11 3.14 3.28 3.46 3.73 3.98 4.11 4.02 3.82 3.44 2.95 2.83 2.70 2.45 2.23 2.09 1.99 1.95 2.17 2.91 3.39 3.54 3.85 4.74 5.71 6.07 6.20 6.09 5.87 5.70 5.70 5.36 4.26 2.71 2.07 1.94 2.01
2.26 2.66 2.34 2.49 2.61 2.52 2.50 2.53 2.54 2.70 2.66 2.44 2.39 2.46 2.55 2.20 2.33 2.21 2.19 2.11 2.46 2.44 2.28 2.19 2.30 2.34 2.48 2.51 2.54 2.60 2.78 3.07 3.38 3.41 3.12 2.81 2.61 2.70 2.86 2.69 2.35 2.20 2.10 2.00 2.06 2.23 2.94 3.41 3.65 3.99 4.51 5.22 6.01 6.30 6.20 5.86 5.48 5.42 5.34 4.22 2.62 1.94 1.90 2.00
2.13 2.80 2.57 2.67 2.63 2.72 2.80 2.36 2.34 2.54 2.79 2.91 3.10 3.06 3.35 3.04 2.86 2.84 3.11 3.30 3.59 3.76 3.42 2.72 2.59 2.56 2.52 2.49 2.58 2.83 2.31 2.37 2.54 2.86 2.39 2.25 2.85 3.18 3.11 2.67 2.35 2.19 2.10 2.04 2.10 2.38 3.20 3.68 3.97 4.29 4.76 5.52 6.28 6.61 6.09 5.40 5.01 4.96 4.73 3.70 2.53 2.03 1.90 2.00
2.20 2.82 2.70 2.67 2.71 2.94 3.10 2.79 2.13 2.05 2.31 2.76 3.21 3.53 3.66 3.59 3.46 3.53 3.73 3.97 4.18 4.24 3.96 3.49 3.21 3.15 3.12 3.19 3.38 3.61 3.37 2.91 2.82 2.81 2.83 3.01 3.19 3.13 2.99 2.70 2.43 2.28 2.10 2.00 1.97 2.14 3.15 3.91 4.39 4.61 4.83 5.96 6.94 7.21 6.19 4.94 4.74 4.62 4.20 3.24 2.49 2.10 2.00 2.00
