en_cours/csdl/.fr-vb1M6g/BDALTIV2-75M_ASC_LAMB93_FXX_2013-10-01/1_DONNEES_LIVRAISON_2013-10-00130/BDALTIV2_MNT_75M_LAMB93_IGN69_FRANCEMETRO20130920/BDALTIr_2-0_MNT_EXT_0300_6600_LAMB93_IGN69_20110929.asc
ncols        1000
nrows        1000
xllcorner    299962.500000000000
yllcorner    6525037.500000000000
cellsize     75.000000000000
NODATA_value -99999
[rows 0 to 28 of 33, columns 896 to 959 of 1000]
2.20 2.10 2.10 2.10 2.10 2.10 2.10 2.10 2.10 2.10 2.10 2.10 2.10 2.10 2.15 2.20 2.20 2.20 2.20 2.20 2.20 2.20 2.20 2.20 2.20 2.20 2.20 2.20 2.19 2.11 2.10 2.10 2.18 2.20 2.14 2.10 2.08 2.95 4.02 4.73 5.23 5.45 6.58 8.31 9.45 10.10 9.94 9.23 8.16 6.82 5.25 6.09 8.26 10.41 12.95 15.27 16.12 16.57 18.21 19.72 22.17 24.54 26.03 26.65
2.11 2.10 2.10 2.10 2.10 2.10 2.10 2.10 2.13 2.10 2.10 2.10 2.10 2.10 2.10 2.13 2.20 2.20 2.20 2.14 2.16 2.17 2.18 2.10 2.10 2.10 2.10 2.10 2.10 2.10 2.10 2.10 2.10 2.10 2.10 2.11 2.19 3.05 4.16 4.81 5.39 5.99 6.87 8.03 8.75 8.54 8.59 8.15 7.09 5.69 4.38 4.88 7.14 9.11 10.15 11.52 12.77 14.85 16.71 19.35 21.98 24.41 26.22 27.03
2.10 2.10 2.10 2.10 2.10 2.10 2.10 2.10 2.19 2.20 2.20 2.19 2.10 2.10 2.10 2.10 2.10 2.10 2.10 2.10 2.10 2.10 2.10 2.10 2.10 2.10 2.10 2.10 2.10 2.10 2.10 2.10 2.14 2.20 2.10 2.10 2.12 3.13 4.19 4.66 5.07 5.93 6.90 7.73 8.02 7.41 7.33 7.21 6.29 4.86 3.45 3.77 4.92 6.89 8.08 10.44 14.10 17.85 19.88 22.57 24.48 25.27 26.56 27.35
2.10 2.15 2.20 2.22 2.20 2.20 2.22 2.25 2.34 2.32 2.31 2.29 2.20 2.15 2.10 2.10 2.10 2.10 2.10 2.10 2.10 2.10 2.10 2.10 2.10 2.10 2.10 2.10 2.10 2.12 2.18 2.20 2.20 2.20 2.10 2.05 1.95 3.00 4.12 4.60 4.83 5.55 6.41 7.19 7.50 6.73 6.24 6.20 5.86 4.23 3.20 3.50 4.92 6.46 9.20 12.00 15.47 20.25 23.04 25.45 26.36 26.55 27.19 27.77
2.20 2.25 2.34 2.42 2.40 2.40 2.40 2.45 2.51 2.52 2.50 2.45 2.37 2.24 2.16 2.10 2.10 2.10 2.10 2.10 2.10 2.10 2.11 2.10 2.10 2.10 2.14 2.17 2.21 2.23 2.28 2.26 2.24 2.20 2.17 1.93 1.62 2.38 3.86 4.39 4.59 4.81 5.47 6.36 6.65 6.01 5.10 5.20 4.90 3.28 3.12 3.96 5.18 7.40 10.35 14.04 19.10 22.26 24.89 26.59 27.12 27.22 27.67 27.88
2.28 2.39 2.54 2.62 2.69 2.60 2.60 2.65 2.70 2.72 2.70 2.63 2.50 2.38 2.25 2.20 2.11 2.10 2.20 2.20 2.20 2.22 2.21 2.29 2.27 2.26 2.27 2.30 2.40 2.40 2.38 2.34 2.30 2.29 2.15 1.91 1.57 1.56 2.98 3.96 4.28 4.40 4.71 5.65 6.04 5.65 4.78 4.20 3.30 3.24 4.31 5.07 6.22 8.19 9.71 13.52 19.38 23.06 25.81 27.42 27.67 27.67 27.80 27.65
2.44 2.60 2.71 2.81 2.80 2.80 2.80 2.80 2.84 2.90 2.90 2.80 2.69 2.57 2.44 2.31 2.30 2.29 2.30 2.36 2.40 2.40 2.41 2.40 2.40 2.40 2.44 2.50 2.54 2.59 2.57 2.43 2.31 2.27 2.13 1.99 1.63 1.40 1.77 2.84 3.76 4.14 4.39 4.98 5.53 5.38 4.48 3.50 3.06 4.64 5.85 6.63 7.79 9.30 10.75 13.88 16.92 21.83 25.85 27.68 28.09 27.97 27.63 26.79
2.65 2.76 2.87 2.92 3.00 2.99 2.90 2.90 2.94 3.00 3.00 2.90 2.84 2.71 2.60 2.51 2.41 2.43 2.47 2.56 2.57 2.60 2.61 2.60 2.60 2.60 2.64 2.70 2.76 2.79 2.69 2.53 2.39 2.24 2.11 2.07 1.82 1.56 1.38 1.67 2.70 3.66 4.21 4.68 4.90 4.69 3.83 3.03 4.13 5.91 6.80 7.86 9.25 10.71 13.45 17.28 20.27 22.94 25.85 27.30 28.01 27.71 26.86 25.31
2.80 2.90 3.00 3.00 3.00 3.00 3.00 3.00 3.00 3.00 3.00 3.00 2.93 2.86 2.78 2.71 2.61 2.60 2.67 2.71 2.74 2.80 2.80 2.80 2.80 2.80 2.80 2.85 2.90 2.90 2.84 2.66 2.40 2.21 2.10 2.10 2.08 1.84 1.49 1.33 1.65 2.51 3.48 4.06 4.26 3.85 3.15 3.02 4.70 6.18 7.16 8.43 9.99 11.95 15.16 19.62 22.66 25.63 26.92 27.59 27.52 27.04 25.44 23.45
2.90 3.00 3.00 3.00 3.00 3.00 3.00 3.00 3.00 3.00 3.00 3.00 3.00 2.95 2.90 2.83 2.80 2.80 2.80 2.88 2.90 2.90 2.90 2.90 2.90 2.90 2.94 3.00 3.00 3.00 2.90 2.70 2.47 2.24 2.11 2.10 2.18 2.06 1.87 1.61 1.41 1.40 1.96 3.02 3.46 3.26 2.90 3.57 4.70 5.77 7.00 8.34 10.06 12.18 14.64 19.59 22.30 25.78 26.94 26.80 26.40 25.55 23.36 22.12
3.00 3.00 3.00 3.00 3.00 3.00 3.00 3.00 3.00 3.00 3.00 3.00 3.00 3.00 3.00 2.92 2.90 2.90 2.97 3.00 3.00 3.00 3.00 3.00 3.00 3.00 3.00 3.00 3.00 3.00 2.91 2.79 2.56 2.33 2.20 2.10 2.20 2.20 2.14 1.90 1.64 1.29 1.23 1.59 2.54 2.97 3.22 3.88 4.48 5.46 6.65 7.78 9.10 11.43 13.69 16.55 21.01 24.78 25.78 24.66 24.11 22.77 21.38 19.24
3.00 3.00 3.00 3.00 3.00 3.00 3.00 3.00 3.00 3.00 3.00 3.00 3.00 3.00 3.00 3.00 3.00 3.00 3.00 3.00 3.00 3.00 3.00 3.00 3.00 3.00 3.00 3.00 3.00 3.00 2.99 2.86 2.71 2.48 2.30 2.19 2.10 2.20 2.20 2.16 1.92 1.66 1.38 1.30 1.55 2.09 3.33 4.02 4.50 5.18 6.00 6.81 7.98 9.66 10.90 13.84 20.26 22.88 24.00 21.86 20.68 20.27 19.05 15.79
3.00 3.00 3.00 3.00 3.00 3.00 3.00 3.00 3.00 3.00 3.00 3.00 3.00 3.00 3.00 3.00 3.00 3.00 3.00 3.00 3.00 3.00 3.00 3.00 3.00 3.00 3.00 3.00 3.00 3.00 3.00 2.90 2.80 2.67 2.50 2.29 2.20 2.20 2.20 2.20 2.19 1.99 1.77 1.54 1.45 1.77 2.74 3.93 4.52 4.75 4.90 5.47 6.32 7.12 8.04 10.94 17.71 21.92 23.38 21.58 18.72 16.92 15.25 13.04
3.00 3.00 3.00 3.00 3.00 3.00 3.00 3.00 3.04 3.02 3.00 3.00 3.00 3.00 3.00 3.00 3.00 3.00 3.00 3.00 3.00 3.00 3.00 3.00 3.00 3.00 3.00 3.00 3.00 3.00 3.00 3.00 2.90 2.80 2.61 2.49 2.32 2.20 2.20 2.20 2.20 2.20 2.08 1.92 1.75 1.64 2.00 3.40 4.17 4.36 4.35 4.34 4.70 5.00 5.67 8.70 14.26 21.25 22.77 21.89 18.24 14.78 13.26 11.04
3.00 3.00 3.00 3.10 3.10 3.00 3.00 3.10 3.10 3.10 3.10 3.06 3.00 3.00 3.00 3.00 3.00 3.00 3.00 3.00 3.00 3.00 3.00 3.00 3.00 3.00 3.00 3.00 3.00 3.00 3.00 3.00 3.00 2.91 2.80 2.64 2.48 2.29 2.16 2.10 2.19 2.28 2.30 2.18 2.05 1.79 1.69 2.05 3.15 3.70 3.84 3.84 3.77 3.70 4.27 7.08 11.81 18.12 21.30 21.16 18.23 14.62 12.59 10.55
3.00 3.00 3.00 3.00 3.00 3.00 3.00 3.00 3.10 3.10 3.10 3.10 3.07 3.00 3.00 3.00 3.00 3.00 3.00 3.00 3.00 3.02 3.00 3.00 3.00 3.06 3.04 3.02 3.01 3.00 3.00 3.00 3.00 3.00 2.90 2.73 2.57 2.38 2.21 2.10 2.10 2.20 2.25 2.30 2.19 1.96 1.62 1.40 1.65 2.33 2.94 3.23 3.35 3.20 3.65 5.53 8.67 11.83 16.29 17.38 15.98 13.38 11.77 10.66
3.03 3.05 3.10 3.10 3.10 3.10 3.10 3.10 3.10 3.10 3.10 3.10 3.10 3.10 3.05 3.00 3.00 3.00 3.08 3.10 3.10 3.10 3.10 3.10 3.10 3.10 3.10 3.10 3.10 3.00 3.00 3.00 3.00 3.09 2.95 2.80 2.59 2.40 2.20 2.10 2.10 2.10 2.17 2.24 2.20 2.11 1.80 1.44 1.30 1.47 1.77 2.21 2.59 2.88 3.28 4.18 4.85 6.33 9.24 11.48 10.23 9.56 10.07 10.43
3.10 3.10 3.10 3.10 3.10 3.10 3.10 3.10 3.10 3.10 3.10 3.10 3.10 3.10 3.10 3.10 3.10 3.10 3.10 3.10 3.10 3.10 3.10 3.10 3.10 3.10 3.10 3.10 3.10 3.02 3.00 3.00 3.04 3.00 2.93 2.79 2.55 2.40 2.20 2.13 2.10 2.10 2.10 2.20 2.20 2.20 2.01 1.80 1.57 1.46 1.50 1.62 1.69 1.81 2.21 3.13 3.36 3.65 4.84 6.42 6.33 5.89 7.58 8.38
3.10 3.10 3.10 3.10 3.10 3.10 3.10 3.10 3.10 3.10 3.10 3.10 3.10 3.10 3.10 3.10 3.10 3.10 3.10 3.10 3.10 3.10 3.10 3.10 3.10 3.10 3.10 3.10 3.10 3.10 3.00 3.00 3.01 3.00 2.90 2.70 2.51 2.30 2.18 2.10 2.10 2.10 2.10 2.10 2.19 2.20 2.20 2.10 1.95 1.84 1.75 1.72 1.53 1.30 1.23 1.67 2.90 3.25 3.48 3.80 4.18 4.64 5.66 6.05
3.10 3.10 3.10 3.10 3.10 3.10 3.10 3.10 3.10 3.10 3.10 3.10 3.10 3.10 3.10 3.10 3.10 3.10 3.10 3.10 3.10 3.10 3.10 3.10 3.10 3.10 3.10 3.10 3.10 3.10 3.10 3.00 3.00 2.92 2.79 2.60 2.42 2.28 2.14 2.10 2.10 2.20 2.20 2.10 2.10 2.20 2.20 2.20 2.18 2.10 2.05 1.96 1.81 1.50 1.21 1.15 1.69 2.84 3.29 3.40 3.63 4.19 4.55 4.57
3.10 3.10 3.10 3.10 3.10 3.10 3.10 3.19 3.13 3.10 3.10 3.10 3.10 3.10 3.10 3.10 3.10 3.10 3.10 3.10 3.10 3.10 3.10 3.10 3.10 3.10 3.10 3.10 3.10 3.10 3.10 3.09 2.98 2.81 2.67 2.50 2.30 2.20 2.10 2.10 2.10 2.19 2.20 2.12 2.10 2.19 2.20 2.20 2.20 2.20 2.20 2.14 2.08 1.90 1.59 1.36 1.25 1.55 2.73 3.39 3.69 3.83 3.90 3.80
3.10 3.10 3.10 3.20 3.11 3.10 3.10 3.20 3.20 3.20 3.20 3.19 3.10 3.10 3.10 3.10 3.10 3.10 3.10 3.10 3.14 3.12 3.10 3.12 3.17 3.10 3.14 3.20 3.20 3.10 3.10 3.00 2.87 2.70 2.56 2.40 2.28 2.20 2.10 2.10 2.10 2.20 2.20 2.11 2.10 2.10 2.10 2.20 2.20 2.20 2.20 2.20 2.20 2.20 2.05 1.78 1.45 1.30 1.64 2.62 3.38 3.61 3.45 3.42
3.10 3.10 3.20 3.20 3.20 3.10 3.16 3.20 3.20 3.20 3.20 3.20 3.20 3.15 3.10 3.10 3.10 3.18 3.20 3.20 3.20 3.20 3.20 3.20 3.20 3.20 3.20 3.20 3.17 3.10 2.93 2.82 2.68 2.56 2.44 2.30 2.20 2.20 2.10 2.10 2.10 2.20 2.20 2.20 2.20 2.10 2.10 2.10 2.10 2.14 2.20 2.20 2.20 2.30 2.26 2.09 1.84 1.55 1.40 1.53 2.52 3.27 3.21 3.35
3.10 3.20 3.20 3.20 3.20 3.19 3.20 3.20 3.20 3.20 3.20 3.20 3.20 3.20 3.20 3.20 3.20 3.20 3.20 3.20 3.20 3.20 3.20 3.20 3.20 3.20 3.20 3.20 3.10 2.91 2.70 2.54 2.46 2.38 2.30 2.28 2.20 2.20 2.14 2.12 2.10 2.10 2.10 2.14 2.20 2.20 2.11 2.10 2.10 2.10 2.10 2.10 2.19 2.20 2.30 2.27 2.13 1.87 1.61 1.30 1.42 2.40 3.08 3.26
3.20 3.20 3.20 3.20 3.20 3.20 3.20 3.20 3.20 3.20 3.20 3.20 3.20 3.20 3.20 3.20 3.20 3.20 3.20 3.20 3.20 3.20 3.20 3.20 3.20 3.23 3.24 3.17 2.93 2.61 2.38 2.20 2.16 2.18 2.20 2.20 2.20 2.20 2.20 2.20 2.17 2.10 2.10 2.10 2.10 2.20 2.20 2.20 2.15 2.10 2.10 2.10 2.10 2.10 2.20 2.24 2.28 2.14 1.89 1.54 1.38 1.51 2.23 2.88
3.20 3.20 3.20 3.20 3.20 3.20 3.20 3.20 3.20 3.20 3.20 3.20 3.20 3.20 3.20 3.20 3.20 3.20 3.20 3.20 3.20 3.20 3.20 3.20 3.20 3.30 3.30 3.15 2.81 2.35 1.97 1.95 2.02 2.10 2.10 2.10 2.13 2.20 2.20 2.20 2.20 2.20 2.19 2.10 2.10 2.10 2.19 2.20 2.20 2.20 2.14 2.15 2.10 2.10 2.10 2.20 2.20 2.23 2.17 1.92 1.66 1.43 1.35 1.77
3.20 3.20 3.20 3.20 3.20 3.20 3.20 3.20 3.20 3.20 3.20 3.20 3.20 3.20 3.20 3.20 3.20 3.20 3.20 3.20 3.20 3.20 3.20 3.20 3.28 3.30 3.30 3.20 2.79 2.16 1.97 1.95 2.07 2.10 2.10 2.10 2.10 2.10 2.10 2.12 2.20 2.20 2.20 2.20 2.13 2.10 2.10 2.10 2.18 2.20 2.20 2.20 2.20 2.10 2.10 2.10 2.19 2.20 2.30 2.20 1.95 1.64 1.35 1.45
3.20 3.25 3.30 3.29 3.20 3.20 3.20 3.25 3.30 3.30 3.30 3.22 3.20 3.20 3.20 3.20 3.20 3.20 3.20 3.29 3.30 3.21 3.20 3.29 3.30 3.30 3.30 3.21 2.88 2.50 2.61 2.90 3.33 3.15 2.42 2.11 2.10 2.06 2.06 2.09 2.10 2.20 2.20 2.20 2.20 2.14 2.10 2.10 2.10 2.14 2.20 2.20 2.20 2.20 2.16 2.10 2.10 2.18 2.20 2.30 2.19 1.97 1.73 1.71
3.20 3.20 3.20 3.20 3.20 3.20 3.20 3.30 3.30 3.30 3.30 3.30 3.29 3.20 3.20 3.20 3.30 3.30 3.30 3.30 3.30 3.30 3.30 3.30 3.37 3.35 3.30 3.18 2.76 2.78 3.28 4.43 6.16 6.06 4.55 3.51 2.39 2.06 2.00 2.00 2.00 2.05 2.12 2.20 2.20 2.20 2.20 2.19 2.10 2.10 2.10 2.17 2.19 2.20 2.20 2.17 2.10 2.10 2.18 2.20 2.20 2.16 2.05 2.03
