en_cours/csdl/.fr-vb1M6g/BDALTIV2-75M_ASC_LAMB93_FXX_2013-10-01/1_DONNEES_LIVRAISON_2013-10-00130/BDALTIV2_MNT_75M_LAMB93_IGN69_FRANCEMETRO20130920/BDALTIr_2-0_MNT_EXT_0300_6600_LAMB93_IGN69_20110929.asc
ncols        1000
nrows        1000
xllcorner    299962.500000000000
yllcorner    6525037.500000000000
cellsize     75.000000000000
NODATA_value -99999
[rows 0 to 28 of 33, columns 832 to 895 of 1000]
13.53 14.02 14.36 15.31 17.74 19.87 20.00 20.00 19.90 17.31 13.17 9.74 8.72 7.60 6.86 6.42 6.10 5.68 5.16 5.34 5.05 4.30 4.11 4.54 4.40 4.62 4.82 4.48 4.42 4.90 5.74 6.94 7.72 7.84 7.35 6.40 5.31 4.78 4.46 4.07 3.59 3.03 2.50 2.29 2.12 2.10 2.10 2.10 2.11 2.20 2.20 2.20 2.20 2.10 2.10 2.10 2.20 2.20 2.20 2.15 2.10 2.10 2.20 2.20
13.40 14.34 15.02 16.06 17.65 19.13 20.00 20.00 20.00 19.59 16.65 13.05 10.36 8.89 7.85 7.35 7.04 6.31 4.62 4.07 4.67 4.29 3.93 3.85 3.84 3.78 4.10 4.46 4.21 4.22 4.56 5.53 6.77 7.13 6.75 5.91 5.03 4.44 4.04 3.71 3.19 2.69 2.35 2.14 2.10 2.10 2.10 2.16 2.20 2.20 2.20 2.20 2.10 2.10 2.14 2.20 2.20 2.10 2.10 2.10 2.14 2.20 2.20 2.20
13.60 15.06 15.69 16.15 16.88 17.74 18.93 19.97 20.00 20.00 18.77 16.87 13.82 11.18 9.67 8.90 8.52 7.53 5.57 4.27 4.30 4.19 3.93 3.70 3.60 3.57 3.72 4.08 4.04 3.90 4.21 5.32 6.20 6.44 6.11 5.44 4.86 4.21 3.74 3.30 2.90 2.45 2.20 2.10 2.10 2.10 2.16 2.20 2.20 2.18 2.10 2.10 2.10 2.20 2.20 2.15 2.10 2.10 2.17 2.20 2.20 2.20 2.20 2.11
13.79 15.32 15.70 15.63 15.57 16.39 17.30 18.77 19.85 20.00 19.80 18.69 16.59 14.55 12.79 11.55 10.56 9.42 7.41 6.08 5.29 4.05 3.55 3.50 3.57 3.50 3.54 3.72 3.84 3.75 4.05 5.01 5.87 5.93 5.48 4.87 4.44 3.96 3.50 3.04 2.63 2.29 2.13 2.10 2.10 2.10 2.20 2.20 2.11 2.10 2.10 2.18 2.20 2.20 2.10 2.10 2.20 2.20 2.20 2.20 2.18 2.10 2.10 2.10
12.93 14.35 15.40 14.97 14.67 14.96 16.02 17.80 19.04 19.76 20.11 19.34 17.52 16.42 15.79 14.73 12.98 11.33 9.80 8.67 7.41 5.55 3.89 3.60 3.50 3.40 3.40 3.42 3.57 3.59 3.82 4.68 5.68 5.65 4.98 4.45 4.03 3.62 3.18 2.76 2.40 2.20 2.10 2.10 2.10 2.20 2.20 2.12 2.10 2.15 2.20 2.20 2.13 2.10 2.10 2.20 2.20 2.20 2.20 2.13 2.10 2.10 2.10 2.10
11.55 13.66 15.35 15.08 14.35 14.22 14.97 16.91 18.35 19.10 20.00 19.26 17.44 16.24 16.01 15.78 14.74 12.99 11.85 10.95 9.60 7.75 5.65 4.47 3.79 3.41 3.23 3.22 3.29 3.35 3.70 4.38 5.30 5.27 4.67 4.13 3.69 3.29 2.86 2.52 2.23 2.10 2.10 2.10 2.17 2.20 2.15 2.10 2.20 2.20 2.10 2.10 2.10 2.15 2.20 2.20 2.10 2.10 2.10 2.10 2.10 2.10 2.10 2.19
11.76 12.92 14.22 14.83 14.14 13.81 14.21 15.72 17.42 18.45 18.95 18.35 16.83 15.37 14.91 15.04 14.75 13.80 12.89 12.18 11.30 10.05 8.23 6.13 4.97 4.04 3.50 3.25 3.05 3.15 3.39 3.95 4.56 4.74 4.27 3.74 3.26 2.87 2.64 2.32 2.18 2.10 2.10 2.11 2.20 2.20 2.10 2.10 2.19 2.10 2.10 2.15 2.20 2.20 2.20 2.17 2.10 2.10 2.10 2.10 2.10 2.12 2.20 2.32
11.48 12.34 13.39 13.87 13.62 13.35 13.73 14.89 16.28 17.07 17.26 16.67 15.65 14.17 13.47 13.59 13.84 13.60 13.06 12.51 12.01 11.52 10.67 9.08 7.32 5.64 4.46 3.66 3.02 2.89 3.02 3.38 3.71 3.86 3.65 3.21 2.84 2.55 2.40 2.20 2.10 2.10 2.10 2.20 2.20 2.11 2.10 2.10 2.10 2.12 2.20 2.20 2.20 2.20 2.17 2.10 2.10 2.10 2.10 2.15 2.21 2.30 2.40 2.49
11.66 12.13 12.72 13.04 12.92 12.87 13.27 14.16 14.90 15.14 15.10 14.61 13.75 12.29 11.62 12.01 12.53 12.75 12.59 12.21 11.90 11.81 11.49 10.85 9.45 7.39 5.53 4.05 3.15 2.85 2.77 2.67 2.61 2.86 2.81 2.63 2.45 2.29 2.20 2.11 2.10 2.10 2.15 2.20 2.20 2.10 2.10 2.20 2.20 2.20 2.20 2.20 2.13 2.10 2.10 2.10 2.10 2.19 2.20 2.30 2.40 2.48 2.60 2.69
11.80 11.98 12.21 12.26 12.27 12.35 12.72 13.27 13.57 13.78 13.62 13.17 12.23 10.72 10.01 10.80 11.09 11.52 11.71 11.49 11.21 11.31 11.37 11.06 10.03 8.00 5.95 4.25 3.24 2.83 2.57 2.29 2.20 2.20 2.22 2.25 2.20 2.19 2.10 2.10 2.10 2.11 2.20 2.20 2.10 2.10 2.20 2.20 2.20 2.20 2.20 2.10 2.10 2.10 2.10 2.11 2.20 2.29 2.39 2.51 2.62 2.70 2.80 2.88
11.44 11.58 11.61 11.64 11.68 11.74 11.91 12.26 12.49 12.58 12.46 12.08 11.46 10.32 9.50 9.76 9.76 10.11 10.46 10.78 10.37 10.46 10.78 10.60 9.55 7.15 5.01 4.18 3.26 2.67 2.29 2.13 2.10 2.10 2.14 2.10 2.10 2.10 2.10 2.10 2.11 2.20 2.20 2.10 2.10 2.10 2.20 2.11 2.10 2.10 2.10 2.10 2.10 2.10 2.12 2.21 2.32 2.49 2.60 2.72 2.80 2.90 2.90 2.98
10.71 10.79 10.85 10.86 10.96 11.07 10.78 11.11 11.61 11.63 11.34 11.26 11.14 10.55 9.35 8.98 8.81 8.89 9.25 9.86 9.85 9.84 10.03 9.81 8.19 6.27 4.65 3.77 3.11 2.45 2.14 2.09 2.10 2.10 2.10 2.10 2.10 2.10 2.10 2.17 2.20 2.20 2.10 2.10 2.20 2.20 2.16 2.10 2.10 2.10 2.10 2.10 2.10 2.16 2.28 2.40 2.54 2.68 2.80 2.88 2.93 3.00 3.00 3.00
9.91 9.86 9.84 9.63 9.88 9.98 9.39 9.91 10.63 10.81 10.34 10.21 10.84 10.24 9.11 8.47 8.15 8.07 8.21 8.59 8.89 8.79 8.70 8.11 6.72 5.45 4.28 3.43 2.82 2.33 2.10 2.00 2.10 2.10 2.10 2.10 2.10 2.10 2.20 2.20 2.20 2.10 2.11 2.20 2.20 2.20 2.10 2.10 2.10 2.10 2.13 2.19 2.20 2.32 2.43 2.60 2.70 2.88 2.92 3.00 3.00 3.00 3.00 3.00
9.14 8.90 8.52 8.21 8.24 8.11 7.96 8.74 9.49 9.94 9.66 9.14 9.88 9.48 8.62 7.94 7.64 7.47 7.30 7.25 7.52 7.55 6.73 6.17 5.46 4.51 3.76 3.09 2.54 2.26 2.10 2.10 2.10 2.19 2.20 2.10 2.10 2.20 2.20 2.12 2.10 2.10 2.20 2.20 2.18 2.10 2.10 2.10 2.18 2.20 2.30 2.37 2.42 2.53 2.63 2.75 2.88 2.99 3.00 3.00 3.00 3.00 3.00 3.00
8.32 8.00 7.38 6.93 6.60 6.34 6.55 7.61 8.52 9.04 8.94 8.48 8.29 8.19 7.75 7.40 7.09 6.91 6.57 5.92 6.04 6.38 5.78 4.90 4.50 3.87 3.26 2.66 2.33 2.20 2.10 2.10 2.10 2.20 2.20 2.15 2.20 2.20 2.10 2.10 2.15 2.20 2.20 2.10 2.10 2.10 2.11 2.20 2.29 2.34 2.47 2.58 2.63 2.74 2.81 2.90 3.00 3.00 3.00 3.00 3.00 3.00 3.00 3.00
7.34 7.06 6.44 5.75 5.20 5.07 5.56 6.88 7.76 8.25 8.28 7.98 7.20 6.54 6.72 6.63 6.34 6.26 6.05 5.04 4.85 5.16 5.20 4.29 3.67 3.23 2.74 2.40 2.22 2.11 2.10 2.10 2.20 2.20 2.11 2.20 2.20 2.10 2.10 2.19 2.20 2.18 2.10 2.10 2.10 2.10 2.20 2.30 2.44 2.55 2.68 2.78 2.84 2.90 2.91 3.00 3.00 3.00 3.00 3.00 3.00 3.00 3.00 3.00
6.33 6.14 5.70 5.01 4.68 5.05 5.59 6.49 7.19 7.49 7.58 7.51 7.08 5.38 5.38 5.59 5.32 5.22 5.41 4.94 4.16 4.26 4.22 3.60 3.04 2.64 2.50 2.30 2.20 2.10 2.10 2.10 2.20 2.20 2.10 2.10 2.10 2.10 2.20 2.20 2.19 2.10 2.10 2.10 2.10 2.20 2.30 2.49 2.65 2.77 2.90 2.90 2.96 3.00 3.00 3.00 3.00 3.00 3.00 3.00 3.00 3.00 3.00 3.00
5.29 5.09 4.94 4.43 4.32 5.52 5.93 6.19 6.51 6.67 6.81 6.88 6.95 6.31 4.42 4.45 4.40 4.31 4.39 4.14 3.64 3.45 3.27 2.70 2.47 2.44 2.40 2.30 2.20 2.10 2.10 2.10 2.20 2.20 2.10 2.10 2.13 2.20 2.20 2.10 2.10 2.10 2.10 2.11 2.20 2.32 2.49 2.65 2.81 2.91 3.00 3.00 3.00 3.00 3.00 3.00 3.00 3.00 3.00 3.00 3.00 3.00 3.00 3.02
4.44 4.32 4.12 3.94 4.17 5.54 5.68 5.67 5.72 5.77 5.92 6.07 6.34 6.25 5.14 3.75 3.52 3.51 3.54 3.33 3.02 2.76 2.43 2.25 2.43 2.51 2.50 2.34 2.20 2.10 2.10 2.11 2.20 2.20 2.10 2.20 2.20 2.20 2.12 2.10 2.10 2.10 2.20 2.28 2.40 2.49 2.65 2.81 2.92 3.00 3.00 3.00 3.00 3.00 3.00 3.00 3.00 3.00 3.00 3.05 3.00 3.00 3.00 3.10
3.75 3.60 3.51 3.65 4.03 4.52 4.82 4.78 4.92 4.92 4.88 5.13 5.52 5.68 5.28 3.53 3.01 3.01 2.85 2.71 2.41 2.45 2.49 2.64 2.67 2.70 2.56 2.40 2.20 2.12 2.10 2.14 2.20 2.19 2.10 2.19 2.20 2.10 2.10 2.10 2.15 2.21 2.31 2.41 2.59 2.69 2.80 2.90 3.00 3.00 3.00 3.00 2.98 3.00 3.00 3.00 3.00 3.02 3.10 3.09 3.00 3.00 3.10 3.10
3.21 3.09 3.15 3.40 3.65 3.82 4.03 4.08 4.12 4.17 4.12 4.17 4.52 4.66 4.05 3.27 2.77 2.61 2.40 2.40 2.42 2.58 2.76 2.92 2.91 2.80 2.64 2.40 2.27 2.20 2.10 2.20 2.20 2.10 2.10 2.20 2.16 2.10 2.10 2.10 2.20 2.36 2.52 2.62 2.79 2.87 2.90 3.00 3.00 3.00 3.00 3.00 3.00 3.00 3.00 3.00 3.00 3.00 3.10 3.05 3.03 3.10 3.10 3.10
2.65 2.60 2.76 2.77 3.18 3.22 3.35 3.38 3.42 3.35 3.22 3.27 3.29 3.09 2.62 2.38 2.40 2.44 2.50 2.60 2.69 2.80 2.97 3.08 3.00 2.86 2.62 2.49 2.33 2.20 2.20 2.20 2.10 2.10 2.10 2.20 2.10 2.10 2.10 2.20 2.37 2.52 2.69 2.84 2.90 2.98 3.00 3.00 3.00 3.00 3.00 3.00 3.00 3.00 3.00 3.00 3.00 3.05 3.10 3.10 3.10 3.10 3.10 3.10
2.18 1.87 1.62 1.70 2.08 2.49 2.69 2.69 2.71 2.70 2.42 2.70 2.51 2.41 2.39 2.45 2.51 2.62 2.72 2.80 2.89 3.00 3.10 3.10 2.98 2.84 2.70 2.55 2.42 2.34 2.26 2.20 2.20 2.10 2.10 2.18 2.10 2.10 2.20 2.37 2.52 2.71 2.83 3.00 3.00 3.00 3.00 3.00 3.00 3.00 3.00 3.00 3.00 3.00 3.00 3.10 3.10 3.10 3.10 3.10 3.10 3.10 3.10 3.10
2.10 1.91 1.71 1.77 1.89 2.11 2.29 2.39 2.42 2.56 2.70 2.74 2.72 2.71 2.69 2.67 2.76 2.83 2.90 3.00 3.00 3.10 3.10 3.06 2.95 2.83 2.78 2.68 2.56 2.44 2.35 2.30 2.20 2.20 2.10 2.10 2.10 2.20 2.30 2.51 2.68 2.84 3.00 3.00 3.00 3.00 3.00 3.00 3.00 3.00 3.00 3.00 3.00 3.00 3.09 3.10 3.10 3.10 3.10 3.10 3.10 3.10 3.10 3.10
2.10 2.00 1.99 1.99 2.05 2.10 2.30 2.40 2.59 2.70 2.80 2.84 2.90 2.90 2.89 2.90 2.90 3.00 3.02 3.10 3.10 3.10 3.10 3.00 2.90 2.90 2.86 2.78 2.70 2.60 2.50 2.40 2.30 2.20 2.10 2.10 2.10 2.25 2.49 2.68 2.84 3.00 3.00 3.00 3.00 3.00 3.00 3.00 3.00 3.10 3.10 3.00 3.00 3.08 3.10 3.10 3.10 3.10 3.10 3.10 3.10 3.10 3.10 3.18
2.10 2.10 2.09 2.10 2.10 2.20 2.39 2.50 2.65 2.80 2.90 2.94 3.00 3.00 3.00 3.00 3.06 3.10 3.10 3.10 3.10 3.10 3.10 3.00 3.00 2.99 2.90 2.90 2.80 2.76 2.70 2.60 2.41 2.26 2.12 2.10 2.15 2.38 2.60 2.79 2.95 3.00 3.00 3.00 3.00 3.00 3.00 3.00 3.00 3.10 3.03 3.00 3.03 3.10 3.10 3.10 3.10 3.10 3.10 3.10 3.10 3.10 3.20 3.20
2.10 2.10 2.10 2.17 2.21 2.33 2.52 2.64 2.80 2.90 2.98 3.00 3.10 3.10 3.10 3.10 3.16 3.15 3.20 3.19 3.10 3.10 3.00 3.00 3.00 3.00 2.93 2.90 2.90 2.90 2.80 2.70 2.50 2.30 2.20 2.20 2.27 2.49 2.73 2.89 3.00 3.00 3.00 3.00 3.00 3.00 3.00 3.10 3.10 3.10 3.10 3.10 3.10 3.10 3.10 3.10 3.10 3.10 3.20 3.10 3.10 3.10 3.20 3.20
2.10 2.10 2.20 2.20 2.38 2.52 2.70 2.80 2.90 3.00 3.04 3.10 3.10 3.19 3.20 3.20 3.20 3.20 3.20 3.10 3.10 3.10 3.00 3.00 3.00 3.00 3.00 3.00 3.00 2.94 2.90 2.80 2.60 2.40 2.30 2.30 2.42 2.61 2.80 2.97 3.00 3.00 3.00 3.00 3.00 3.00 3.00 3.10 3.10 3.10 3.10 3.10 3.10 3.10 3.10 3.10 3.20 3.20 3.20 3.20 3.20 3.20 3.20 3.20
2.10 2.15 2.20 2.38 2.52 2.70 2.85 2.98 3.00 3.09 3.10 3.11 3.20 3.20 3.20 3.20 3.20 3.20 3.20 3.10 3.10 3.00 3.00 3.00 3.00 3.00 3.00 3.00 3.00 3.00 2.91 2.81 2.70 2.52 2.46 2.44 2.59 2.73 2.90 3.00 3.00 3.00 3.00 3.00 3.00 3.10 3.10 3.10 3.10 3.10 3.10 3.10 3.10 3.10 3.10 3.10 3.10 3.20 3.20 3.20 3.20 3.20 3.20 3.20
