en_cours/csdl/.fr-vb1M6g/BDALTIV2-75M_ASC_LAMB93_FXX_2013-10-01/1_DONNEES_LIVRAISON_2013-10-00130/BDALTIV2_MNT_75M_LAMB93_IGN69_FRANCEMETRO20130920/BDALTIr_2-0_MNT_EXT_0300_6600_LAMB93_IGN69_20110929.asc
ncols        1000
nrows        1000
xllcorner    299962.500000000000
yllcorner    6525037.500000000000
cellsize     75.000000000000
NODATA_value -99999
[rows 0 to 28 of 33, columns 704 to 767 of 1000]
17.38 13.64 13.21 14.92 14.55 14.98 16.63 17.81 18.44 20.37 24.35 24.23 19.14 17.90 17.00 16.26 15.39 14.72 14.78 14.72 14.38 14.12 14.47 15.08 14.14 11.73 9.13 7.46 6.83 6.35 5.24 3.67 3.60 3.82 4.06 4.30 4.30 4.15 4.00 3.90 3.88 3.90 3.91 4.00 4.00 4.00 3.90 3.84 3.72 3.64 3.55 3.47 3.49 3.60 3.62 3.74 3.86 4.03 4.19 4.21 4.22 4.20 4.30 4.36
13.12 11.84 11.51 12.60 13.08 15.35 16.22 17.70 18.38 20.33 21.71 21.25 19.72 18.37 17.59 16.88 16.10 15.39 15.35 15.55 15.69 15.82 15.94 15.84 15.37 11.97 9.43 8.14 8.42 8.65 5.84 4.56 4.06 4.13 4.30 4.30 4.21 4.10 3.96 3.88 3.80 3.80 3.82 3.90 3.90 3.87 3.79 3.70 3.58 3.46 3.36 3.29 3.29 3.30 3.36 3.49 3.66 3.79 3.90 4.01 4.10 4.14 4.20 4.20
10.41 10.08 10.76 10.38 12.05 14.36 15.31 15.23 15.53 19.24 20.98 20.61 18.90 17.96 17.51 17.15 16.48 16.00 15.88 15.88 16.06 16.16 15.91 15.61 14.52 12.13 10.63 10.43 11.74 10.90 9.23 6.96 5.31 5.15 4.91 4.26 4.10 4.09 3.94 3.80 3.70 3.70 3.73 3.80 3.80 3.79 3.69 3.50 3.41 3.31 3.19 3.08 3.09 3.11 3.18 3.34 3.48 3.57 3.69 3.80 3.92 4.00 4.06 4.11
9.49 9.85 10.52 9.97 11.22 13.06 14.49 15.19 16.65 18.65 19.20 17.75 16.41 16.28 16.69 16.68 16.21 15.80 15.62 15.64 15.69 15.45 15.05 14.68 14.01 12.78 11.56 14.60 15.34 10.81 10.19 8.68 6.86 5.78 5.00 4.44 4.28 4.19 4.06 3.89 3.71 3.70 3.70 3.72 3.70 3.64 3.49 3.38 3.22 3.14 3.03 2.88 2.79 2.76 2.99 3.23 3.39 3.47 3.49 3.61 3.72 3.88 3.96 4.08
9.37 10.13 10.37 9.75 10.20 11.55 13.28 14.46 18.25 19.84 17.16 14.59 13.65 13.83 14.11 14.93 15.03 14.59 14.45 14.78 14.61 13.97 13.49 13.28 13.09 12.48 12.07 14.44 15.65 12.88 10.61 9.54 7.79 6.26 5.54 5.34 4.67 4.38 4.20 4.02 3.84 3.70 3.70 3.70 3.64 3.48 3.30 3.16 3.04 3.00 2.88 2.68 2.32 2.48 2.91 3.17 3.30 3.30 3.30 3.41 3.55 3.73 3.87 3.99
9.72 10.85 10.26 9.50 9.14 9.72 12.62 17.63 19.47 15.02 13.74 12.24 12.28 12.68 11.94 12.99 13.56 13.26 13.38 13.51 12.96 12.09 11.93 12.19 12.06 11.85 11.62 13.23 13.13 12.28 9.98 9.33 8.22 6.80 5.90 5.40 4.76 4.40 4.30 4.20 4.02 3.87 3.70 3.63 3.53 3.38 3.17 3.00 2.90 2.80 2.68 2.46 2.05 2.56 2.83 3.03 3.16 3.19 3.30 3.40 3.47 3.60 3.77 3.89
9.85 10.29 9.94 9.19 8.57 9.29 13.52 17.93 14.13 9.86 9.67 9.97 10.90 11.93 12.02 12.95 13.38 12.04 11.81 11.86 11.36 11.07 11.34 11.76 11.89 11.18 11.03 10.38 10.04 10.51 10.60 9.42 8.44 7.37 6.12 4.98 4.46 4.23 4.25 4.22 4.10 3.90 3.70 3.53 3.37 3.20 3.05 2.90 2.70 2.48 2.26 2.07 2.00 2.12 2.67 2.73 2.49 3.15 3.30 3.40 3.40 3.52 3.68 3.80
7.21 7.60 7.74 8.07 8.27 9.32 12.39 11.00 8.62 7.92 8.20 9.14 10.48 11.33 11.73 12.84 14.29 13.51 12.24 11.31 10.70 11.25 11.92 12.56 12.05 10.68 9.79 9.07 8.95 9.82 10.27 9.61 8.65 7.95 7.09 5.31 4.25 3.93 4.00 4.16 4.10 3.93 3.69 3.46 3.26 3.08 2.89 2.71 2.51 2.56 2.65 2.01 1.91 1.90 1.95 1.98 2.06 3.06 3.40 3.40 3.40 3.50 3.60 3.70
2.71 2.98 4.46 5.78 6.40 9.18 10.34 9.66 8.85 8.39 8.35 8.84 9.47 10.34 10.92 12.03 11.77 12.51 15.64 14.69 13.60 12.89 12.86 12.08 10.58 9.76 8.98 8.45 8.66 9.90 10.40 9.69 8.72 8.35 8.45 6.89 5.23 4.08 3.84 3.97 4.10 4.00 3.75 3.44 3.10 2.89 2.71 2.50 2.63 2.79 2.89 2.17 1.89 1.70 1.54 1.54 1.83 2.80 3.40 3.50 3.40 3.47 3.56 3.60
0.00 0.01 0.23 1.50 2.59 4.05 7.00 10.34 10.34 9.29 9.08 9.17 9.12 9.08 9.48 9.83 11.22 10.93 11.08 13.58 15.47 14.78 10.89 9.88 8.82 8.43 8.20 7.93 8.16 9.03 9.56 9.12 8.49 8.40 8.88 9.86 7.56 5.54 3.98 3.78 4.10 4.19 3.84 3.42 2.98 2.71 2.49 2.44 2.60 2.80 2.73 2.19 1.87 1.69 1.50 1.44 1.86 2.84 3.30 3.40 3.40 3.40 3.46 3.50
-0.00 -99999.00 -0.00 -0.00 -0.00 -0.00 0.42 2.88 8.28 10.09 10.08 10.10 8.87 7.99 7.91 8.39 8.77 8.07 7.77 8.60 10.11 13.68 15.59 11.00 7.80 7.46 7.45 7.24 7.23 7.56 7.90 7.99 7.91 8.05 8.72 9.40 8.43 6.58 4.55 3.88 3.87 4.10 3.94 3.40 2.96 2.53 2.31 2.69 2.63 2.67 2.65 2.15 2.11 1.99 1.75 1.58 1.90 2.75 3.18 3.30 3.30 3.30 3.32 3.40
-99999.00 -99999.00 -99999.00 -99999.00 -99999.00 -99999.00 -0.00 0.07 1.23 5.01 9.68 9.41 8.39 7.22 7.09 7.61 7.69 7.28 7.41 8.68 10.48 12.38 10.00 8.84 7.81 7.17 6.85 6.42 5.99 6.18 6.20 6.44 6.90 7.21 7.60 7.80 7.34 6.30 5.32 4.00 2.74 3.45 3.72 3.32 2.94 2.73 2.28 2.58 2.50 2.55 2.74 2.87 2.55 2.58 2.09 1.71 1.96 2.74 3.09 3.14 3.20 3.20 3.23 3.30
-99999.00 -99999.00 -99999.00 -99999.00 -99999.00 -99999.00 -99999.00 -99999.00 -99999.00 0.46 2.59 8.70 9.01 7.42 7.38 7.64 7.62 7.41 8.00 10.01 13.11 14.13 9.64 9.13 8.24 7.24 6.33 5.78 4.99 5.20 4.96 4.72 5.39 5.84 6.12 6.28 5.94 5.33 4.59 3.37 1.95 1.90 3.04 2.96 2.90 2.58 2.66 2.51 2.48 2.74 3.00 3.06 2.90 2.56 2.31 1.96 1.96 2.68 2.89 2.96 3.09 3.10 3.20 3.30
-99999.00 -99999.00 -99999.00 -99999.00 -99999.00 -99999.00 -99999.00 -99999.00 -99999.00 -99999.00 0.10 2.00 8.01 10.39 9.06 8.91 8.51 8.52 8.96 10.00 12.27 12.52 9.97 9.82 8.84 7.42 5.98 5.11 5.00 4.90 4.75 4.63 4.60 4.67 4.88 5.46 5.07 4.35 3.51 2.53 1.86 1.78 2.38 2.49 2.56 2.65 2.51 2.33 2.86 2.90 3.00 3.08 2.70 2.69 2.68 2.13 1.80 2.50 2.49 2.87 3.00 3.10 3.10 3.30
-99999.00 -99999.00 -99999.00 -99999.00 -99999.00 -99999.00 -99999.00 -99999.00 -99999.00 -99999.00 -99999.00 -0.00 1.86 7.92 10.46 10.75 10.63 12.94 9.38 9.74 10.82 11.82 10.18 10.00 9.19 7.69 6.31 5.44 5.33 5.30 5.43 5.42 5.14 4.87 4.61 4.88 4.52 3.53 2.55 2.05 1.94 1.99 2.16 2.59 2.45 2.43 2.20 2.28 2.92 2.84 2.83 2.58 2.57 2.60 2.53 2.16 1.76 1.79 2.63 2.79 2.93 3.00 3.11 3.30
-99999.00 -99999.00 -99999.00 -99999.00 -99999.00 -99999.00 -99999.00 -99999.00 -99999.00 -99999.00 -99999.00 -99999.00 0.00 1.87 6.21 8.40 9.52 10.37 10.39 10.26 10.63 10.98 10.20 9.50 9.10 8.28 7.19 6.36 6.05 6.00 6.14 6.13 5.92 5.55 5.07 4.52 4.06 3.11 2.09 2.00 2.01 2.12 2.19 2.34 2.58 2.33 2.10 2.00 2.38 2.64 2.59 2.20 2.24 2.41 2.39 2.14 1.84 1.70 1.77 2.35 2.59 2.89 3.13 3.30
-99999.00 -99999.00 -99999.00 -99999.00 -99999.00 -99999.00 -99999.00 -99999.00 -99999.00 -99999.00 -99999.00 -99999.00 -99999.00 -0.00 1.46 3.85 8.92 9.56 10.09 10.09 10.46 10.48 9.89 11.77 11.00 9.18 7.91 7.16 6.85 6.80 6.76 6.73 6.45 5.89 5.17 4.48 3.80 3.18 2.51 2.11 2.10 2.14 2.46 2.53 2.53 2.53 2.21 2.10 2.31 2.44 2.36 2.18 2.10 2.21 2.23 2.20 1.99 1.76 1.79 2.04 2.42 2.81 3.15 3.30
-99999.00 -99999.00 -99999.00 -99999.00 -99999.00 -99999.00 -99999.00 -99999.00 -99999.00 -99999.00 -99999.00 -99999.00 -99999.00 -99999.00 -99999.00 0.38 2.75 6.49 10.19 9.45 9.57 9.60 9.42 12.14 13.32 10.11 8.44 7.84 7.57 7.50 7.46 7.33 6.92 6.10 5.05 4.44 3.67 3.20 3.02 2.41 2.12 2.29 2.52 2.51 2.41 2.51 2.40 2.29 2.30 2.30 2.26 2.20 2.10 2.10 2.20 2.20 2.08 1.91 1.91 2.24 2.59 2.83 3.10 3.30
-99999.00 -99999.00 -99999.00 -99999.00 -99999.00 -99999.00 -99999.00 -99999.00 -99999.00 -99999.00 -99999.00 -99999.00 -99999.00 -99999.00 -99999.00 -99999.00 0.24 2.52 9.79 8.85 9.68 9.81 9.14 9.28 10.61 10.33 9.09 8.50 8.16 8.11 8.14 7.99 7.46 6.55 5.58 4.46 3.71 3.36 3.39 2.95 2.46 2.80 2.68 2.60 2.31 2.33 2.60 2.38 2.30 2.21 2.20 2.20 2.10 2.10 2.20 2.20 2.10 1.98 2.00 2.34 2.68 2.95 3.10 3.28
-99999.00 -99999.00 -99999.00 -99999.00 -99999.00 -99999.00 -99999.00 -99999.00 -99999.00 -99999.00 -99999.00 -99999.00 -99999.00 -99999.00 -99999.00 -99999.00 -99999.00 0.22 3.23 9.53 9.14 12.10 11.31 10.49 10.19 10.05 9.72 9.20 8.85 8.80 8.86 8.78 8.21 7.16 5.51 4.47 4.15 4.24 4.25 2.90 2.70 2.90 2.91 2.51 2.25 2.25 2.48 2.56 2.32 2.25 2.20 2.20 2.10 2.15 2.20 2.20 2.07 1.87 1.85 2.38 2.92 3.08 3.10 3.19
-99999.00 -99999.00 -99999.00 -99999.00 -99999.00 -99999.00 -99999.00 -99999.00 -99999.00 -99999.00 -99999.00 -99999.00 -99999.00 -99999.00 -99999.00 -99999.00 -99999.00 -99999.00 0.27 3.03 9.75 12.79 11.57 10.77 10.58 10.00 9.79 9.88 9.40 9.35 9.56 9.57 8.96 7.58 6.08 4.86 5.04 8.49 3.65 2.22 2.66 2.90 2.45 2.14 2.20 2.27 2.31 2.55 2.49 2.34 2.24 2.20 2.20 2.20 2.27 2.20 2.00 1.77 1.80 2.66 3.13 3.20 3.10 3.10
-99999.00 -99999.00 -99999.00 -99999.00 -99999.00 -99999.00 -99999.00 -99999.00 -99999.00 -99999.00 -99999.00 -99999.00 -99999.00 -99999.00 -99999.00 -99999.00 -99999.00 -99999.00 -0.00 0.56 5.97 10.09 10.00 10.39 10.20 9.59 9.44 9.64 9.49 9.85 10.16 10.13 9.44 7.78 6.22 4.68 4.19 10.13 5.72 2.50 2.81 2.96 2.34 2.22 2.22 2.20 2.29 2.37 2.60 2.48 2.31 2.20 2.20 2.20 2.22 2.13 1.99 1.82 1.99 2.58 3.12 3.20 3.08 3.00
-99999.00 -99999.00 -99999.00 -99999.00 -99999.00 -99999.00 -99999.00 -99999.00 -99999.00 -99999.00 -99999.00 -99999.00 -99999.00 -99999.00 -99999.00 -99999.00 -99999.00 -99999.00 -99999.00 0.01 1.92 7.88 10.15 10.00 10.74 9.66 8.72 8.91 9.56 10.29 10.40 10.06 9.21 7.77 6.28 4.81 4.45 6.41 6.38 3.81 3.11 3.14 2.78 2.67 2.33 2.20 2.20 2.30 2.50 2.52 2.40 2.31 2.30 2.20 2.20 2.10 2.04 2.02 2.23 2.83 3.03 3.04 3.00 3.00
-99999.00 -99999.00 -99999.00 -99999.00 -99999.00 -99999.00 -99999.00 -99999.00 -99999.00 -99999.00 -99999.00 -99999.00 -99999.00 -99999.00 -99999.00 -99999.00 -99999.00 -99999.00 -99999.00 -99999.00 0.31 3.81 9.92 9.62 13.03 10.09 8.79 8.89 9.54 10.00 9.84 9.59 8.77 7.80 6.91 6.04 4.88 5.86 5.95 3.93 3.22 2.93 2.70 2.62 2.41 2.17 2.16 2.21 2.41 2.50 2.53 2.46 2.40 2.20 2.10 2.10 2.17 2.31 2.60 2.29 2.83 2.77 2.89 3.02
-99999.00 -99999.00 -99999.00 -99999.00 -99999.00 -99999.00 -99999.00 -99999.00 -99999.00 -99999.00 -99999.00 -99999.00 -99999.00 -99999.00 -99999.00 -99999.00 -99999.00 -99999.00 -99999.00 -99999.00 -0.00 1.00 6.47 10.00 10.55 16.31 12.64 8.90 9.97 9.80 9.40 9.06 8.36 7.85 7.50 6.67 6.38 10.22 5.15 2.83 2.45 2.23 2.37 2.54 2.40 2.20 2.10 2.20 2.30 2.44 2.58 2.58 2.40 2.25 2.11 2.10 2.20 2.38 2.40 2.40 2.53 2.66 2.90 3.03
-99999.00 -99999.00 -99999.00 -99999.00 -99999.00 -99999.00 -99999.00 -99999.00 -99999.00 -99999.00 -99999.00 -99999.00 -99999.00 -99999.00 -99999.00 -99999.00 -99999.00 -99999.00 -99999.00 -99999.00 -99999.00 -0.00 2.52 9.17 10.11 17.06 12.30 8.78 9.98 10.49 10.23 8.69 7.86 7.91 8.45 8.26 9.26 7.75 4.85 2.81 1.52 1.44 1.73 2.08 2.23 2.20 2.10 2.10 2.20 2.36 2.48 2.58 2.40 2.23 2.16 2.10 2.16 2.16 2.20 2.40 2.58 2.78 2.80 2.77
-99999.00 -99999.00 -99999.00 -99999.00 -99999.00 -99999.00 -99999.00 -99999.00 -99999.00 -99999.00 -99999.00 -99999.00 -99999.00 -99999.00 -99999.00 -99999.00 -99999.00 -99999.00 -99999.00 -99999.00 -99999.00 -99999.00 0.37 4.92 9.94 10.63 12.21 9.78 10.12 10.09 10.03 8.58 7.37 8.05 9.77 10.08 7.90 4.23 3.17 3.12 1.86 1.23 0.97 1.24 1.75 2.06 2.20 2.13 2.20 2.27 2.35 2.40 2.34 2.21 2.20 2.12 2.00 1.89 1.90 2.38 2.70 2.55 2.67 2.41
-99999.00 -99999.00 -99999.00 -99999.00 -99999.00 -99999.00 -99999.00 -99999.00 -99999.00 -99999.00 -99999.00 -99999.00 -99999.00 -99999.00 -99999.00 -99999.00 -99999.00 -99999.00 -99999.00 -99999.00 -99999.00 -99999.00 -0.00 2.23 9.67 13.31 12.38 9.78 9.89 10.54 9.82 8.69 7.83 8.58 10.15 10.02 10.27 3.20 3.65 3.48 3.22 1.85 0.78 0.56 1.16 2.00 2.20 2.20 2.10 2.18 2.20 2.28 2.30 2.21 2.20 2.11 1.97 1.73 1.70 2.37 2.75 2.55 2.61 2.34
-99999.00 -99999.00 -99999.00 -99999.00 -99999.00 -99999.00 -99999.00 -99999.00 -99999.00 -99999.00 -99999.00 -99999.00 -99999.00 -99999.00 -99999.00 -99999.00 -99999.00 -99999.00 -99999.00 -99999.00 -99999.00 -99999.00 -99999.00 0.17 3.66 9.71 10.65 14.67 10.40 10.38 12.37 13.35 10.34 9.46 10.96 9.79 10.17 5.62 6.65 5.35 4.24 3.90 2.03 0.96 1.37 2.02 2.20 2.10 1.97 1.99 2.11 2.08 2.19 2.20 2.20 2.10 1.97 1.80 1.72 2.50 2.76 2.85 2.80 2.65
